{
	"class" : {
		 },
	"instance" : {
		"critics" : "Uko 4/30/2015 10:21:22",
		"gtInspectorCriticsIn:" : "YuriyTymchuk 7/6/2015 22:45",
		"guidedSkip:" : "Uko 5/24/2015 23:46:14",
		"hasCritics" : "Uko 4/30/2015 10:21:22",
		"numberOfCritics" : "Uko 4/30/2015 10:21:22",
		"revalidate" : "YuriyTymchuk 5/5/2015 14:36",
		"skip:" : "Uko 4/30/2015 10:21:22",
		"spotterQACriticsFor:" : "Uko 5/24/2015 23:46:14",
		"wipeCritics" : "Uko 4/30/2015 10:21:22" } }
